A_pr=38.484 
L_wp0=28.06
L_sp0=18.7
V_sp0=720
V_wp0=1080
M_wp0=40029.65
M_sp0=4588.33
L_p=46.76
Pr0=2250
H_wp0=701.1
H_fgp0=414.8
H_sp=574.36
H_wi0=672.84
ro_wp0=37.064
ro_sp0=6.37267
V_fp0=0.02698
V_gp0=0.15692
K_p1=-0.008152
K_p2=0.00470802
K_p3=0.118
K_p4=-0.2081
K_p5=5.9e-6
K_p6=-1.118e-4
X_wp=55.406
X_sp=-4.2203
X_fp=435.6
X_fgp=883.025
X_vfp=0.013705
X_vgp=0.40847
J=5.4027
W_sr0=0
W_sp=0
G_he=-250
G_he1=-250
tau1_pr=900
tau2_pr=2
AUX_pr0=0
G_sp=0
G_sp1=75
tau3_pr=200
tau4_pr=2
AUX0=0
K_pr=0
Pr1=2265
Pr2=2275

K_pr1=0

% Sta³e z innych modu³ów:
% Reaktor:
B_cl=-0.0631
B_hl=-0.0741
V_hl=1000
V_cl=2000
V_lp=1791
V_mo=540
V_up=1376

% Wytwornica pary
V_p=1077
