C_fi_0 = 581.2;
C_fi_1 = 2.98;
C_fi_2 = -0.008448;



% tabela 2 [1]
P_1 = -1.286 * (10 ^ -4);
P_2 = -6.79 * (10 ^ -5);
P_3 = -2.887 * (10 ^ -4);
S = 2910.3;

% tabela 3 [1]

C_p_pc = 5197.6;
K_t_sg = 7.554 * (10 ^ 6);
W_loss_pc =  3.2733 * (10 ^ 8);

% tabela 4 [1]

M_sg = 34374;
W_loss_sg = 1.324  * (10 ^ 7);
C_vp_sg = 3449.8;
C_lp_sg = 4314;

% tabela 5

C_p_pr = 6873.1;
W_loss_pr = 1.6823 * (10 ^ 5);

%tabela 6 [1]
N = 100.8;
V = -0.0025;
M_pc = 200000;
T_pc = 280.08;
T_pc_hl = 295.21;
T_pc_cl = 264.95;
T_pc_i = 258.23;
M_out = 2.29722;
M_in = 2.19444;
% JOTA_pr = 4.8;
M_pr = 19400;
T_pr = 326.57;
P_pr = 123;
W_heat = 168;
M_sg = 34374;
% JOTA_sg = 1.85;
T_sg = 256.72;
P_sg = 44.5;
M_sg_ss = 120.11;
M_sg_sw = 120.11;
m_sg = 119.31;
T_sg_sw = 220.85;
W_r = 13.75 * (10 ^ 8);
W_sg_6 = 10.589 * (10 ^ 8);


% tabela 7 [1]

C_psi = 13.75 * (10 ^ 6);
B = 0.0064;
lambda = 0.1;
LAMBDA = 10 ^ -5;
V_0_pc = 242;
M_0_pc = 180600;
A_pr = 4.52;
V_pr_vessel = 44;
E_evap_sg = 1.658 * (10 ^ 6);
Kt_sg = 7.554*(10^6);

% zmienne wejœciowe PR

W_heat_pr = 1; 




